7070
7043
7061
7070
7073
7073
7094
7081
7091
7098
7103
7107
7098
7099
7094
7094
7092
7099
7100
7100
7105
7091
7099
7106
7102
7093
7093
7104
7100
7082
7082
7097
7097
7089
7090
7090
7091
7102
7093
7095
7095
7096
7096
7100
7103
7101
7095
7102
7101
7098
7100
7088
7097
7097
7100
7102
7107
7096
7107
7105
7113
7119
7109
7110
7108
7105
7106
7106
7110
7114
7116
7113
7118
7116
7115
7115
7114
7116
7114
7115
7115
7115
7123
7109
7122
7122
7124
7120
7101
7096
7090
7102
7113
7128
7123
7118
7125
7125
7116
7126
7128
7128
7130
7122
7136
7136
7103
7076
7099
7099
7129
7129
7128
7128
7128
7135
7135
7109
7109
7109
7120
7114
7125
7126
7124
7124
7128
7128
7126
7122
7125
7128
7130
7126
7126
7133
7133
7138
7133
7131
7134
7143
7132
7135
7133
7135
7127
7127
7126
7129
7140
7124
7143
7128
7136
7127
7134
7135
7133
7133
7140
7138
7133
7142
7139
7135
7136
7143
7147
7147
7130
7132
7132
7139
7131
7151
7140
7145
7141
7134
7134
7130
7131
7125
7124
7130
7124
7119
7122
7122
7115
7119
7114
7114
7105
7094
7078
7078
7079
7085
7092
7092
7099
7072
7071
7072
7072
7090
7069
7069
7072
7072
7080
7080
7080
7067
7069
7069
7072
7072
7066
7064
7061
7058
7065
7053
7060
7065
7052
7052
7053
7052
7052
7055
7056
7056
7064
7046
7051
7049
7047
7045
7046
7041
7034
7032
7036
7044
7039
7030
7032
7034
7042
7033
7025
7036
7034
7026
7034
7025
7025
7028
7031
7028
7030
7026
7019
7019
7026
7026
7024
7015
7015
7018
7023
7022
7022
7017
7015
7026
7015
7015
7021
7021
7008
7018
7018
7008
7008
7004
7011
7001
6986
6995
6980
6980
6953
6965
6980
6980
6985
6988
6987
6996
7002
7002
6985
6990
6983
6983
6990
6990
6950
6950
6962
6962
6984
6984
6990
6990
6989
6989
7001
7001
6995
6995
7003
7003
7003
6999
6985
6997
6991
6998
7004
6998
6996
6993
6993
7008
7008
6991
6991
6995
6995
6990
6990
6990
6993
6997
7002
7002
6998
7007
7003
6997
7004
7004
7006
7006
7006
7005
6999
7000
6999
6999
6999
7010
7008
7004
7004
7001
7011
7007
7002
7002
7010
7008
7008
7005
7001
6976
6976
6989
7000
7006
6998
7003
7002
7000
7000
7001
6988
6998
7004
6994
6994
6994
6991
6997
6993
6984
6984
7003
6988
6991
6963
6963
6967
6982
6991
7003
7000
6998
6986
6986
7002
7003
6992
6993
6996
6997
6984
6984
6952
6978
6986
6998
7004
7005
7007
7006
7007
7004
7008
7011
7017
7010
7002
7017
7011
7013
7011
7016
7002
7002
7005
7011
7003
7009
7004
7010
7010
7022
7022
7012
7009
7011
7018
7018
7019
7020
7015
7021
7012
7019
7005
7005
6996
7009
7001
7001
7009
7012
6999
7004
7012
7012
7012
7014
7007
7009
7009
7015
7003
7003
7015
7015
7011
7011
7014
7007
7005
7020
7015
7012
7006
7008
7007
7011
7011
7009
7010
7021
7009
7020
7017
7018
7024
7013
6981
6999
7018
7009
7024
7014
7021
7025
7017
7016
7016
7010
7017
7031
7031
6983
6985
6988
7022
7027
7035
7039
7031
7033
7028
7040
7034
7032
7042
7041
7038
7034
7036
7043
7039
7030
7030
7029
7035
7026
7026
7006
7014
7026
7026
7020
7036
7026
7026
7034
7033
7037
7030
7041
7029
7033
7033
7039
7041
7029
7027
7033
7033
7033
7037
7035
7045
7047
7035
7043
7035
7035
7040
7047
7046
7045
7046
7051
7049
7047
7048
7045
7050
7052
7042
7045
7041
7041
7049
7043
7035
7059
7057
7055
7053
7062
7051
7056
7060
7060
7059
7057
7041
7015
7000
7025
7049
7042
7050
7051
7056
7058
7057
7060
7057
7057
7058
7059
7060
7056
7056
7071
7066
7066
7066
7067
7060
7058
7058
7047
7045
7051
7051
7060
7054
7050
7050
7062
7066
7064
7064
7065
7064
7057
7057
7062
7049
7062
7058
7060
7076
7066
7075
7078
7079
7073
7075
7070
7081
7081
7076
7081
7072
7078
7081
7079
7083
7075
7074
7091
7074
7078
7084
7073
7077
7091
7088
7082
7080
7077
7095
7095
7089
7088
7090
7090
7083
7090
7083
7097
7098
7098
7087
7087
7112
7112
7100
7100
7045
7045
7073
7080
7087
7094
7094
7109
7095
7098
7098
7104
7103
7097
7097
7102
7098
7069
7069
7067
7060
7067
7086
7086
7083
7104
7104
7099
7099
7101
7101
7091
7091
7093
7093
7111
7111
7098
7098
7108
7108
7101
7101
7107
7107
7106
7106
7106
7102
7111
7102
7112
7112
7120
7109
7107
7110
7114
7108
7116
7116
7112
7123
7113
7112
7108
7108
7120
7111
7125
7115
7135
7129
7122
7128
7123
7118
7133
7132
7127
7127
7122
7128
7128
7130
7130
7132
7130
7127
7127
7134
7134
7127
7128
7128
7125
7119
7122
7122
7126
7127
7125
7127
7112
7123
7124
7110
7113
7094
7047
7043
7043
7091
7091
7088
7097
7095
7089
7088
7088
7101
7091
7075
7075
7087
7075
7054
7046
7049
7053
7059
7059
7080
7072
7071
7064
7060
7064
7053
7057
7055
7055
7049
7047
7041
7047
7049
7050
7035
7041
7041
7051
7044
7048
7038
7036
7029
7027
7029
7038
7030
7037
7023
7026
7023
7023
7030
7032
7011
7029
7024
7024
7019
7019
7016
7017
7013
7018
7018
7018
7003
7006
7006
7008
7018
6999
7004
7010
7006
7006
7009
7007
7007
7004
6996
6993
6993
6973
6988
6977
6977
6987
6987
6997
6997
6997
6983
6975
6980
6983
6968
6976
6977
6977
6941
6934
6938
6970
6977
6981
6971
6972
6965
6974
6969
6979
6979
6974
6978
6963
6963
6926
6926
6943
6943
6949
6949
6969
6969
6975
6966
6977
6970
6974
6973
6964
6960
6963
6959
6959
6966
6963
6964
6962
6959
6959
6973
6969
6966
6967
6969
6968
6964
6976
6963
6967
6962
6962
6964
6963
6976
6976
6972
6956
6957
6960
6960
6960
6960
6968
6963
6943
6946
6943
6943
6959
6950
6952
6952
6988
6996
6997
6996
6997
6997
6998
6998
7007
6998
7003
6997
6996
6996
7011
7011
7020
7020
7015
7015
7011
7011
7014
7014
7008
7008
7002
5603
5600
5593
5593
5596
5593
5603
5599
5599
5589
5590
5588
5588
5594
5603
5592
5592
5604
5595
5597
5597
5590
5604
5595
5592
5594
5598
5598
5597
5593
5595
5602
5591
5589
5593
5590
5595
5595
5595
5596
5590
5590
5579
5603
5597
5593
5593
5593
5598
5593
5588
5592
5592
5597
5591
5590
5593
5599
5595
5596
5595
5597
5589
5602
5602
5590
5590
5592
5594
5595
5591
5591
5596
5589
5589
5590
5597
5592
5594
5592
5591
5591
5593
5594
5595
5595
5599
5591
5585
5585
5589
5601
5587
5587
5587
5596
5590
5598
5591
5591
5582
5587
5589
5581
5590
5592
5589
5589
5589
5590
5599
5595
5594
5586
5592
5597
5595
5578
5590
5588
5583
5583
5583
5592
5585
5590
5590
5594
5594
5595
5595
5606
5606
5587
5599
5599
5591
5589
5588
5595
5594
5586
5590
5594
5592
5595
5589
5592
5590
5590
5583
5594
5586
5590
5589
5590
5595
5595
5585
5585
5582
5582
5586
5586
5588
5588
5592
5592
5582
5582
5590
5590
5580
5580
5594
5594
5590
5595
5593
5590
5590
5589
5586
5585
5590
5590
5600
5589
5589
5589
5597
5597
5592
5590
5590
5588
5591
5584
5590
5582
5587
5589
5598
5598
5589
5593
5581
5586
5595
5574
5589
5589
5592
5590
5590
5599
5591
5595
5587
5583
5596
5592
5593
5585
5588
5588
5587
5595
5586
5592
5591
5591
5592
5592
5591
5591
5592
5592
5582
5591
5591
5592
5592
5592
5589
5580
5586
5586
5592
5583
5588
5584
5584
5586
5583
5595
5580
5580
5582
5590
5579
5588
5588
5577
5596
5596
5591
5582
5586
5591
5591
5587
5582
5586
5586
5581
5580
5580
5594
5594
5593
5585
5589
5589
5588
5594
5594
5581
5581
5581
5581
5584
5595
5588
5594
5585
5582
5595
5587
5587
5581
5581
5583
5583
5579
5579
5583
5583
5592
5586
5586
5586
5584
5582
5582
5592
5586
5579
5586
5588
5584
5580
5583
5589
5581
5580
5586
5589
5591
5581
5581
5582
5583
5584
5584
5583
5580
5580
5580
5588
5580
5580
5592
5590
5585
5584
5583
5583
5599
5583
5586
5583
5578
5578
5583
5582
5581
5587
5587
5582
5581
5580
5586
5581
5586
5589
5584
5593
5588
5578
5580
5591
5576
5584
5590
5574
5578
5584
5585
5583
5586
5568
5568
5586
5580
5577
5577
5578
5578
5587
5587
5587
5600
5587
5580
5580
5583
5586
5584
5584
5581
5581
5590
5590
5591
5591
5586
5586
5580
5589
5579
5584
5584
5582
5584
5590
5587
5587
5587
5587
5586
5583
5584
5586
5586
5588
5582
5587
5588
5600
5589
5583
5590
5590
5591
5586
5578
5578
5582
5584
5582
5582
5578
5586
5582
5582
5582
5588
5581
5581
5581
5581
5584
5579
5575
5586
5582
5583
5572
5583
5583
5578
5585
5575
5579
5575
5592
5579
5573
5578
5582
5584
5584
5574
5572
5582
5592
5578
5580
5576
5581
5589
5589
5585
5581
5578
5579
5579
5587
5578
5575
5575
5581
5582
5583
5583
5577
5579
5583
5583
5578
5584
5584
5580
5580
5579
5585
5586
5583
5583
5585
5581
5580
5580
5586
5579
5579
5583
5587
5587
5593
5587
5590
5587
5587
5584
5582
5582
5593
5592
5588
5590
5586
5584
5587
5587
5583
5601
5590
5588
5587
5588
5588
5587
5591
5594
5593
5591
5585
5597
5594
5594
5592
5592
5596
5596
5595
5595
5590
5590
5596
5596
5600
5600
5596
5589
5597
5598
5594
5603
5598
5592
5603
5601
5601
5598
5596
5600
5598
5594
5594
5598
5600
5594
5600
5600
5609
5602
5601
5601
5603
5600
5597
5597
5604
5599
5602
5602
5601
5602
5602
5599
5599
5606
5603
5604
5598
5604
5603
5603
5603
5614
5608
5612
5612
5608
5604
5601
5608
5608
5608
5608
5608
5606
5606
5608
5606
5606
5612
5612
5612
5612
5609
5616
5616
5611
5615
5601
5615
5610
5621
5614
5610
5610
5606
5612
5615
5618
5619
5617
5627
5627
5624
5617
5623
5625
5614
5617
5617
5615
5615
5617
5617
5617
5621
5623
5618
5619
5623
5615
5623
5623
5618
5623
5620
5623
5614
5620
5616
5628
5628
5623
5614
5622
5622
5610
5619
5622
5622
5615
5615
5621
5627
5621
5625
5622
5627
5625
5617
5626
5627
5620
5625
5630
5628
5621
5621
5623
5620
5622
5619
5619
5630
5627
5632
5619
5617
5621
5624
5622
5618
5620
5624
5618
5624
5616
5615
5616
5623
5616
5613
5616
5626
5621
5623
5623
5621
5624
5620
5620
5612
5613
5616
5616
5616
5615
5618
5618
5617
5611
5617
5617
5614
5621
5619
5618
5616
5610
5610
5618
5624
5607
5607
5618
5613
5611
5611
5614
5612
5610
5610
5612
5608
5615
5615
5611
5611
5621
5621
5612
5612
5608
5608
5612
5612
5612
5612
5611
5607
5618
5614
5616
5611
5618
5610
5610
5609
5609
5604
5613
5607
5612
5613
5618
5609
5609
5608
5609
5611
5620
5611
5616
5617
5611
5612
5608
5608
5609
5610
5606
5606
5610
5608
5614
5616
5611
5614
5607
5604
5604
5612
5613
5600
5600
5612
5611
5611
5611
5604
5609
5609
5605
5604
5605
5617
5611
5609
5609
5617
5617
5608
5609
5609
5606
5606
5608
5609
5610
5612
5607
5607
5606
5605
5606
5605
5601
5612
5610
5610
5607
5607
5615
5615
5614
5614
5608
5600
5606
5611
5606
5613
5606
5609
5609
5601
5609
5612
5612
5611
5598
5610
5604
5606
5619
5607
5612
5614
5606
5608
5605
5608
5610
5610
5602
5606
5606
5606
5617
5611
5613
5613
5604
5611
5616
5616
5599
5605
5608
5600
5611
5611
5608
5601
5603
5603
5610
5609
5612
5613
5607
5612
5605
5600
5612
5614
5614
5610
5610
5605
5603
5609
5594
5603
5606
5616
5616
5611
5611
5606
5608
5613
5611
5611
5602
5608
5608
5609
5607
5606
5609
5610
5607
5597
5603
5603
5614
5608
5603
5604
5613
5611
5612
5612
5606
5610
5610
5609
5610
5613
5609
5610
5606
5599
5604
5604
5608
5608
5612
5608
5608
5608
5607
5605
5606
5610
5610
5610
5606
5605
5606
5606
5607
5607
5609
5609
5609
5619
5603
5606
5606
5609
5609
5609
5609
5598
5603
5607
5605
5605
5606
5604
5599
5599
5602
4982
4982
4982
4987
4986
4993
4993
4986
4983
4976
4976
4976
4971
4980
4985
4976
4966
4969
4969
4967
4960
4960
4973
4973
4962
4955
4955
4952
4944
4952
4952
4951
4943
4943
4944
4934
4944
4927
4927
4938
4923
4923
4936
4934
4933
4925
4922
4928
4929
4917
4916
4920
4920
4914
4919
4906
4914
4911
4905
4917
4913
4918
4893
4914
4914
4911
4911
4905
4905
4911
4911
4905
4905
4898
4898
4900
4900
4895
4894
4892
4895
4891
4900
4893
4890
4892
4884
4888
4884
4887
4887
4879
4885
4890
4887
4887
4890
4890
4884
4870
4876
4882
4871
4879
4866
4868
4867
4862
4862
4865
4883
4862
4876
4864
4864
4859
4875
4857
4857
4857
4852
4858
4853
4859
4856
4860
4851
4853
4856
4850
4852
4848
4848
4852
4850
4854
4846
4857
4857
4859
4852
4850
4854
4840
4857
4857
4849
4854
4846
4851
4853
4853
4846
4856
4856
4858
4856
4863
4856
4856
4856
4857
4858
4858
4866
4863
4862
4863
4863
4863
4864
4872
4871
4870
4870
4864
4871
4866
4865
4865
4874
4875
4875
4877
4874
4870
4856
4871
4866
4866
4873
4873
4866
4871
4872
4872
4863
4878
4874
4874
4869
4870
4874
4874
4871
4871
4878
4867
4871
4870
4870
4866
4874
4870
4870
4874
4861
4864
4872
4862
4865
4860
4867
4863
4863
4863
4860
4870
4863
4863
4861
4860
4867
4867
4861
4864
4865
4870
4870
4865
4865
4865
4867
4867
4878
4878
4878
4871
4876
4872
4875
4882
4885
4873
4874
4889
4880
4885
4892
4887
4898
4898
4893
4902
4895
4905
4898
4898
4896
4897
4895
4898
4901
4902
4905
4909
4913
4914
4913
4914
4916
4916
4908
4913
4909
4930
4920
4918
4918
4935
4925
4920
4928
4929
4935
4932
4942
4933
4935
4941
4934
4934
4937
4932
4942
4939
4939
4941
4941
4940
4936
4940
4948
4948
4951
4951
4950
4950
4947
4947
4949
4949
4951
4945
4949
4948
4944
4938
4938
4938
4941
4929
4939
4924
4924
4919
4925
4922
4915
4914
4913
4910
4910
4909
4909
4907
4918
4918
4902
4912
4904
4900
4910
4904
4904
4907
4907
4906
4906
4905
4905
4907
4907
4912
4911
4910
4902
4910
4896
4901
4908
4908
4907
4905
4909
4912
4906
4906
4907
4916
4908
4908
4908
4903
4906
4901
4904
4912
4907
4907
4904
4904
4915
4915
4907
4912
4905
4911
4910
4912
4912
4905
4903
4907
4908
4914
4910
4903
4912
4909
4909
4912
4914
4907
4910
4904
4904
4911
4911
4907
4906
4916
4915
4916
4907
4908
4903
4917
4913
4913
4917
4911
4918
4908
4910
4910
4923
4908
4908
4909
4909
4911
4901
4914
4908
4904
4910
4910
4909
4904
4915
4915
4911
4911
4913
4909
4909
4895
4905
4898
4907
4909
4904
4906
4906
4903
4903
4903
4903
4905
4916
4909
4909
4909
4913
4900
4904
4907
4908
4908
4899
4907
4912
4917
4917
4909
4906
4911
4905
4907
4907
4920
4911
4909
4912
4912
4905
4899
4905
4910
4915
4903
4903
4913
4913
4920
4909
4913
4901
4901
4913
4901
4914
4915
4910
4913
4912
4917
4903
4910
4914
4909
4916
4905
4915
4907
4919
4901
4908
4908
4900
4900
4907
4902
4902
4894
4904
4910
4901
4902
4902
4911
4901
4910
4905
4902
4901
4900
4900
4894
4900
4896
4896
4906
4893
4898
4900
4905
4904
4913
4903
4895
4905
4905
4901
4901
4890
4890
4901
4901
4901
4893
4899
4895
4898
4893
4900
4900
4901
4897
4897
4902
4894
4902
4905
4905
4901
4903
4901
4897
4897
4902
4902
4897
4902
4898
4903
4892
4892
4895
4891
4899
4899
4900
4900
4882
4882
4906
4906
4902
4893
4893
4896
4893
4891
4897
4895
4895
4896
4884
4893
4893
4885
4886
4898
4901
4897
4899
4900
4889
4898
4893
4898
4898
4901
4887
4897
4892
4884
4884
4897
4897
4898
4898
4892
4892
4903
4903
4896
4896
4884
4884
4899
4899
4894
4890
4892
4897
4891
4893
4893
4889
4898
4887
4898
4893
4902
4911
4899
4893
4899
4887
4891
4894
4904
4896
4891
4897
4891
4895
4888
4901
4902
4891
4908
4902
4902
4906
4901
4895
4903
4894
4896
4896
4893
4903
4902
4901
4899
4898
4895
4899
4899
4906
4900
4906
4896
4896
4900
4893
4901
4899
4897
4897
4899
4909
4899
4911
4898
4902
4904
4898
4890
4896
4896
4895
4894
4897
4899
4909
4895
4902
4896
4900
4900
4902
4902
4902
4896
4891
4904
4899
4899
4897
4909
4907
4907
4908
4907
4909
4909
4899
4899
4899
4902
4900
4899
4899
4898
4903
4896
4903
4912
4898
4911
4911
4901
4904
4902
4903
4899
4907
4906
4911
4904
4900
4900
4907
4904
4908
4906
4910
4901
4888
4900
4903
4897
4897
4911
4908
4910
4909
4906
4909
4911
4905
4909
4909
4908
4906
4911
4908
4900
4901
4909
4906
4904
4906
4906
4913
4913
4906
4901
4905
4910
4909
4913
4914
4907
4907
4899
4906
4907
4905
4910
4910
4908
4899
4912
4912
4923
4915
4917
4916
4915
4915
4913
4917
4917
4918
4918
4915
4914
4912
4909
4909
4913
4915
4920
4917
4910
4921
4910
4919
4914
4921
4913
4912
4922
4918
4916
4915
4913
4913
4921
4920
4913
4919
4921
4922
4910
4915
4917
4913
4920
4915
4915
4915
4921
4910
4920
4929
4916
4916
4917
4906
4917
4917
4918
4918
4916
4916
4924
4924
4918
4918
4917
4917
4917
4918
4919
4908
4919
4919
4924
4926
4916
4916
4928
4918
4931
4931
4920
4924
4923
4921
4917
4925
4932
4926
4915
4924
4921
4931
4929
4922
4923
4920
4923
4923
4925
4916
4916
4926
4926
4927
4927
4927
4927
4930
4923
4923
4928
4912
4912
4919
4924
4921
4920
4917
4926
4925
4924
4931
4914
4915
4915
4915
4917
4912
4924
4924
4924
4924
4907
4917
4921
4921
4914
4927
4919
4919
4921
4917
4920
4920
4913
4911
4911
4921
4915
4916
4916
4919
4909
4915
4915
4921
4913
4919
4912
4916
4912
4918
4918
4911
4911
4921
4915
4915
4919
4923
4913
4917
4916
4920
4923
4916
4926
4914
4914
4909
4913
4920
4914
4917
4914
4912
4919
4915
4910
4918
4918
4911
21813
21625
21500
21746
21232
21400
21400
21759
21294
21298
21567
21548
21547
21414
21414
21708
21326
21326
21596
21473
21352
21663
21663
21671
21434
21434
21564
21532
21656
21630
21630
21677
21297
21297
21498
21494
21494
21545
21552
21673
21699
21699
21538
21773
21773
21455
21617
21616
21309
21309
21314
21253
21253
21298
21284
21285
21305
21561
21669
21396
21396
21503
21270
21274
21295
21108
21112
21731
21731
21775
21414
21414
21424
21252
21254
21489
21489
21204
21629
21629
21133
21557
21554
21517
21517
21604
21476
21476
21469
21336
21335
21228
21459
21463
21321
21321
21535
21332
21332
21291
21515
21516
21360
21360
21440
21597
21597
21505
21518
21395
21927
21671
21538
21801
21801
21530
21510
21515
21528
21283
21534
21773
21773
21588
21813
21813
22001
21583
21449
21351
21351
21435
21620
21620
21478
21731
21738
21506
21762
21840
21404
21404
21081
21258
21259
21264
21553
21684
21722
21722
21563
21506
21506
21336
21675
21677
21391
21647
21690
21344
21344
21611
21292
21293
21235
21491
21728
21431
21431
21481
21870
21864
21469
21618
21622
21275
21275
21397
21747
21747
21452
21619
21620
21773
21773
21762
21727
21727
21392
21678
21555
21311
21823
21616
21657
21657
21544
21374
21376
21333
21517
21646
21382
21382
21571
21392
21392
21678
21929
21925
21623
21367
21647
21316
21316
21461
21765
21894
21576
21576
21561
21591
21591
21380
21239
21239
21557
21399
21513
21689
21689
21738
21874
21874
21444
21781
21901
21655
21655
21380
21718
21718
21946
21970
21847
21506
21506
21577
21406
21406
21749
21861
21858
21929
21969
21721
21494
21494
21599
21704
21704
21727
21877
21872
21543
21543
21708
21846
21846
21735
21665
21540
21368
21880
21847
21924
21924
21444
21854
21857
21832
21472
21597
21327
21327
21539
21664
21664
21828
21600
21467
21713
21713
21726
21614
21614
21723
21707
21586
21838
21838
21622
21657
21657
21491
21788
21785
21496
21574
21576
21820
21820
21568
21476
21476
21571
21517
21512
21341
21341
21563
21477
21477
21538
21567
21567
21890
21378
21433
21518
21518
21254
21201
21201
21434
21485
21604
21906
21906
21751
21431
21431
21395
21294
21171
21277
21277
21732
21762
21762
21707
21456
21582
21553
21553
21229
21404
21404
21384
21640
21641
21672
21428
21435
21803
21803
21332
21291
21291
21388
21523
21652
21323
21323
21401
21297
21297
21415
21453
21455
21433
21433
21287
21537
21537
21413
21819
21818
21390
21470
21341
21505
21505
21464
21569
21569
21460
21349
21478
21569
21569
21366
21356
21356
21552
21424
21424
21712
21712
21702
21494
21494
21677
21444
21439
21261
21333
21337
21774
21774
21781
21581
21581
21792
21435
21309
21410
21410
21113
21548
21548
21381
21517
21517
21585
21585
21565
21210
21210
21531
21502
21501
21570
21841
21718
21721
21721
21457
21641
21641
21791
21614
21617
21633
21633
21643
21699
21699
21279
21644
21515
21602
21346
21489
21880
21880
21770
21144
21145
21591
21467
21338
21383
21383
21663
21506
21506
21433
21241
21119
21445
21445
21261
21428
21428
21439
21241
21114
21059
21315
21411
21235
21235
21209
21548
21551
21487
21135
21132
21435
21435
21431
21532
21532
21690
21560
21433
21313
21313
21208
21626
21626
21703
21735
21734
21461
21461
21218
21116
21116
21371
21202
21199
21609
21312
21313
21322
21322
21152
21341
21341
21567
21488
21501
21358
21358
21395
21619
21619
21144
21085
21211
21201
21457
21476
21265
21265
21229
21369
21368
21078
21569
21447
21285
21285
21172
21548
21548
21133
21423
21431
21653
21397
21478
21387
21387
21500
21426
21549
21342
21501
21247
21541
21541
21548
21468
21463
21389
21409
21417
21433
21433
21609
21550
21550
21492
21676
21678
21072
21072
21057
21530
21530
21430
21413
21412
21039
21188
21310
21358
21358
21548
21448
21451
21569
21280
21150
21439
21439
21673
21612
21612
21364
21480
21481
21289
21545
21398
21400
21400
21520
21413
21419
21374
21166
21171
21202
21202
21266
21412
21412
21333
21158
21160
21253
21253
21452
21462
21462
21572
21268
21143
21271
21271
21236
21372
21372
21255
21137
21142
21385
21647
21517
21657
21657
21269
21280
21280
21295
21289
21166
21311
21311
21541
21436
21436
21502
21697
21694
21000
21256
21232
21687
21687
21328
21629
21632
21475
21259
21124
21181
21181
21275
21413
21413
21467
21270
21275
21553
21553
21111
21254
21254
21309
21197
21323
21558
21302
21277
21228
21228
21263
21462
21459
21515
21342
21343
21463
21463
21059
21319
21319
21507
21351
21346
21495
21495
21331
21114
21114
21099
20984
21111
21242
21242
21268
21581
21581
21734
21455
21454
21278
21526
21655
21240
21240
21531
21512
21512
21221
21362
21492
21371
21371
21156
21284
21284
21415
21570
21449
21370
21370
21225
21213
21213
21379
21418
21415
21560
21329
21455
21174
21174
21326
21453
21453
21155
21213
21211
21665
21665
20966
21192
21192
21435
21446
21452
21426
21170
21347
21202
21202
21502
21322
21326
21210
21376
21497
20944
20944
21252
21568
21568
21576
21133
21259
21289
21289
21590
21569
21569
21335
21262
21262
21210
21466
21076
21681
21681
21569
21642
21644
21059
21111
21237
21276
21276
21079
21129
21129
21228
21376
21497
21013
21013
21017
21215
21215
21459
21503
21502
21047
21047
21204
21302
21302
21565
21488
21489
21486
21499
21496
21259
21259
21404
21420
21420
20951
21439
21312
21374
21374
21304
21182
21182
21328
20846
20977
21396
21652
21568
21217
21217
21522
21328
21329
21110
21027
21152
21094
21094
21181
20786
20786
20777
20911
21039
21171
21171
21202
21210
21210
21367
21056
21058
21434
21434
21393
21013
21013
21077
21435
21433
21232
21548
21420
21448
21448
21273
21199
21199
21094
21307
21310
21130
21130
21486
20816
20816
21476
21416
21288
21543
21287
21055
21088
21088
21208
21534
21534
21047
21211
21458
21039
21039
21313
21280
21280
21419
20957
21087
20888
20888
21064
21122
21122
21308
21278
21151
21387
21131
21293
21168
21168
21113
21410
21405
21116
21157
21030
21051
21051
21251
21263
21263
20937
20871
21001
21396
21396
20936
21221
21221
21094
21211
21212
21275
21275
21448
21314
21314
20925
20765
20769
20962
21170
21042
21321
21321
21308
21086
21086
20953
21116
21232
20987
20987
20957
21310
21310
21329
20987
20860
20966
20966
21049
21161
21161
21272
20818
20818
20829
21156
21405
21154
21154
21045
20759
20759
21298
21113
21109
20989
20989
20983
20809
20809
20897
21094
21222
21054
21054
20836
20975
5090
5099
5101
5099
5096
5096
5101
5094
5089
5089
5096
5094
5094
5101
5094
5093
5093
5103
5094
5100
5099
5102
5102
5099
5094
5110
5110
5088
5096
5092
5092
5096
5092
5092
5101
5097
5106
5106
5104
5100
5101
5101
5106
5102
5111
5103
5103
5100
5110
5104
5100
5107
5098
5099
5106
5092
5100
5112
5098
5103
5108
5105
5096
5106
5103
5099
5101
5101
5106
5104
5099
5101
5108
5106
5106
5099
5108
5093
5112
5108
5106
5094
5102
5102
5113
5103
5110
5110
5098
5109
5104
5104
5103
5104
5104
5106
5106
5104
5104
5104
5099
5100
5105
5102
5102
5094
5094
5102
5105
5100
5100
5104
5099
5111
5111
5102
5103
5111
5104
5104
5108
5107
5108
5102
5103
5100
5103
5103
5105
5105
5110
5110
5119
5106
5117
5106
5098
5105
5095
5095
5102
5118
5112
5112
5108
5112
5103
5108
5105
5105
5105
5113
5106
5103
5104
5107
5114
5114
5094
5108
5104
5104
5108
5108
5116
5112
5111
5111
5109
5111
5111
5111
5111
5117
5114
5109
5114
5114
5121
5110
5113
5120
5120
5110
5106
5109
5109
5109
5115
5107
5106
5103
5103
5112
5113
5110
5113
5113
5114
5114
5111
5111
5108
5119
5106
5106
5112
5100
5114
5111
5121
5114
5114
5110
5110
5117
5117
5118
5118
5119
5115
5113
5123
5117
5121
5110
5119
5117
5117
5115
5115
5116
5117
5117
5117
5117
5113
5114
5114
5114
5114
5113
5116
5123
5111
5111
5113
5113
5113
5108
5111
5116
5115
5115
5111
5111
5116
5110
5113
5113
5104
5109
5110
5108
5109
5109
5105
5107
5108
5108
5110
5104
5101
5103
5102
5106
5105
5095
5113
5106
5102
5104
5107
5102
5101
5103
5111
5111
5110
5110
5108
5108
5104
5104
5103
5100
5101
5102
5102
5103
5101
5091
5099
5103
5102
5094
5095
5100
5107
5107
5108
5098
5098
5095
5105
5100
5092
5096
5096
5097
5095
5106
5097
5094
5100
5088
5091
5091
5095
5096
5099
5099
5102
5097
5094
5096
5088
5097
5092
5082
5102
5100
5100
5102
5093
5093
5094
5099
5104
5093
5093
5101
5092
5093
5093
5089
5091
5100
5100
5103
5103
5096
5096
5096
5096
5089
5096
5098
5093
5093
5096
5103
5100
5102
5103
5101
5096
5089
5094
5094
5094
5083
5083
5085
5085
5092
5092
5092
5091
5091
5097
5097
5097
5097
5085
5101
5099
5090
5090
5094
5098
5097
5096
5093
5100
5081
5106
5091
5088
5088
5082
5093
5095
5095
5098
5095
5095
5087
5089
5101
5096
5092
5092
5095
5095
5091
5090
5089
5093
5089
5091
5091
5098
5098
5098
5089
5104
5096
5099
5095
5095
5087
5091
5095
5086
5097
5099
5099
5087
5101
5100
5087
5097
5089
5087
5091
5093
5090
5101
5090
5094
5094
5092
5091
5091
5094
5094
5094
5094
5083
5083
5099
5093
5093
5097
5093
5094
5096
5094
5095
5083
5085
5085
5089
5094
5099
5099
5087
5092
5091
5092
5086
5086
5090
5092
5091
5091
5091
5079
5079
5085
5085
5085
5094
5094
5086
5086
5087
5086
5094
5086
5093
5093
5094
5084
5094
5094
5086
5095
5085
5082
5094
5084
5084
5083
5087
5098
5077
5090
5094
5082
5096
5088
5086
5086
5082
5086
5086
5093
5093
5092
5096
5096
5093
5092
5093
5080
5091
5093
5087
5082
5096
5101
5092
5092
5090
5079
5078
5091
5087
5081
5091
5091
5095
5093
5091
5087
5087
5095
5089
5089
5097
5097
5097
5084
5084
5086
5086
5088
5088
5090
5086
5092
5088
5088
5103
5089
5089
5089
5085
5093
5081
5101
5101
5088
5094
5093
5094
5086
5090
5089
5099
5088
5093
5097
5091
5092
5092
5090
5090
5095
5091
5091
5085
5098
5085
5096
5094
5090
5092
5092
5091
5091
5098
5098
5084
5084
5099
5099
5102
5102
5102
5094
5091
5091
5094
5090
5096
5095
5095
5096
5092
5094
5088
5104
5104
5088
5088
5098
5098
5098
5091
5097
5095
5091
5101
5098
5098
5098
5085
5094
5099
5101
5101
5093
5088
5087
5087
5097
5100
5097
5095
5096
5101
5101
5090
5098
5095
5095
5094
5091
5102
5107
5095
5103
5108
5087
5101
5099
5099
5095
5086
5107
5098
5096
5100
5100
5103
5099
5102
5100
5110
5101
5096
5107
5095
5095
5095
5096
5097
5097
5100
5098
5095
5097
5093
5105
5099
5099
5105
5099
5093
5095
5104
5096
5096
5106
5099
5106
5106
5106
5100
5103
5102
5105
5106
5105
5105
5100
5104
5110
5099
5099
5096
5099
5109
5109
5110
5106
5111
5111
5109
5109
5103
5103
5097
5106
5099
5102
5107
5099
5114
5100
5103
5107
5107
5107
5108
5104
5104
5105
5107
5118
5111
5108
5105
5105
5107
5105
5108
5110
5111
5111
5111
5116
5103
5108
5117
5107
5104
5105
5107
5118
5118
5120
5113
5108
5110
5104
5099
5108
5108
5108
5123
5110
5112
5120
5120
5120
5114
5118
5111
5111
5109
5110
5110
5106
5110
5115
5115
5113
5121
5125
5112
5110
5110
5121
5117
5111
5108
5111
5113
5110
5103
5111
5108
5111
5114
5115
5115
5109
5124
5115
5116
5117
5117
5116
5111
5111
5109
5112
5117
5120
5104
5110
5114
5114
5117
5117
5108
5113
5116
5113
5113
5105
5115
5118
5112
5102
5117
5107
5114
5111
5103
5104
5112
5107
5107
5110
5105
5105
5105
5097
5097
5107
5104
5109
5105
5100
5107
5107
5092
5106
5100
5100
5101
5104
5103
5110
5098
5098
5095
5102
5113
5109
5102
5109
5095
5095
5107
5096
5098
5093
5101
5101
5091
5091
5094
5094
5105
5105
5095
5095
5102
5102
5102
5102
5093
5092
5102
5103
5100
5099
5095
5098
5091
5101
5099
5093
5086
5096
5098
5106
5092
5093
5093
5095
5095
5092
5092
5098
5098
5091
5088
5104
5099
5100
5103
5103
5097
5096
5096
5100
5098
5089
5099
5102
5093
5093
5101
5103
5097
5094
5094
5101
5091
5093
5093
5100
5099
5100
5100
5091
5089
5106
5106
5099
5095
5097
5096
5090
5099
5097
5096
5107
5107
5098
5098
5105
5095
5093
5091
5103
5100
5093
5097
5091
5105
5100
5093
5089
5091
5091
5091
5103
5100
5102
5096
5097
5103
5093
5093
5089
5089
6001
6008
6019
6003
6002
6005
6012
6006
5999
5999
5999
6014
6012
6003
6005
6013
6013
6003
6006
6011
6007
6007
6007
6017
6009
6003
6003
6013
6010
6010
6004
6014
6010
6010
6010
6010
6006
6012
6010
6010
6015
6005
6012
6009
6009
6009
6010
6017
6017
6017
6014
6013
6020
6020
6013
6026
6026
6019
6010
6016
6024
6019
6019
6027
6021
6026
6021
6018
6014
6015
6018
6016
6018
6018
6025
6022
6021
6007
6017
6021
6021
6029
6024
6024
6021
6020
6027
6011
6022
6031
6031
6028
6029
6013
6026
6020
6015
6016
6016
6024
6029
6025
6025
6015
6017
6027
6027
6021
6022
6022
6033
6033
6027
6027
6027
6035
6035
6026
6026
6032
6020
6033
6031
6025
6025
6015
6027
6030
6026
6026
6026
6019
6026
6035
6035
6028
6029
6034
6035
6031
6043
6031
6034
6034
6041
6039
6031
6032
6031
6024
6042
6038
6036
6039
6039
6038
6032
6036
6042
6035
6035
6022
6039
6039
6027
6039
6033
6041
6036
6028
6032
6030
6039
6045
6033
6040
6040
6042
6032
6035
6034
6037
6040
6038
6041
6032
6034
6038
6034
6037
6034
6034
6034
6044
6034
6026
6023
6036
6036
6039
6036
6036
6031
6028
6031
6031
6037
6034
6024
6024
6041
6041
6029
6029
6032
6020
6025
6023
6034
6029
6029
6031
6030
6026
6024
6024
6035
6032
6032
6033
6023
6023
6016
6016
6028
6020
6015
6024
6029
6021
6027
6022
6022
6027
6027
6026
6026
6025
6025
6018
6018
6013
6013
6020
6020
6027
6027
6028
6028
6031
6014
6017
6023
6022
6022
6022
6020
6027
6027
6013
6023
6022
6017
6017
6016
6021
6024
6024
6018
6013
6023
6017
6017
6014
6014
6017
6017
6017
6017
6009
6018
6015
6012
6009
6021
6021
6009
6025
6025
6018
6018
6014
6017
6007
6007
6014
6010
6008
6008
6016
6012
6006
6013
6011
6015
6017
6014
6016
6008
6009
6003
6007
6015
6021
6007
6007
6015
6016
6013
6008
6008
6008
6008
6008
6004
6007
6011
6009
6004
6009
6011
6016
6006
6004
6004
6011
6014
6011
6019
6013
6008
6011
6007
6004
6009
6009
6008
6006
6010
6004
6012
6016
6007
6011
6012
6006
5998
6006
6008
6004
6004
6010
6000
6012
6012
6013
6011
6000
6000
6013
6007
6013
6013
6009
6013
6008
6009
5998
6009
6009
6004
6004
6011
6008
5995
5995
6015
6016
6003
6013
6008
6008
6010
6009
6016
6008
6018
6021
6016
6006
6006
6014
6002
6005
6013
6013
6008
6008
6012
6012
6013
5999
6008
6011
6009
6016
6010
6007
6007
6011
6003
6002
6016
6011
6005
6005
6008
6008
6013
6013
6018
6005
5999
6010
6004
6010
6010
6010
5995
6015
6023
6012
6012
6012
6007
6015
6008
6005
6009
6012
6012
6015
6007
6012
6020
6022
6006
6006
5999
6000
6005
6005
6008
6007
6004
6004
6020
6011
6013
6006
6005
6005
6004
6004
6016
6011
6012
6010
6018
6004
6013
6016
6010
6012
6010
6010
6012
6008
6009
6010
6018
6021
6016
6015
6013
6019
6019
6014
6005
6014
6018
6021
6021
6020
6018
6018
6020
6009
6013
6013
6016
6003
6017
6011
6009
6017
6018
6008
6008
6007
6015
6016
6013
6019
6015
6015
6020
6020
6021
6024
6011
6019
6019
6015
6016
6017
6017
6021
6014
6017
6017
6009
6014
6027
6027
6007
6019
6015
6015
6020
6024
6018
6017
6020
6017
6017
6024
6033
6022
6022
6029
6015
6016
6024
6024
6016
6025
6025
6017
6021
6019
6021
6020
6024
6021
6021
6017
6017
6020
6020
6022
6022
6031
6031
6028
6026
6028
6024
6009
6021
6011
6022
6022
6020
6025
6021
6022
6023
6015
6025
6029
6029
6026
6026
6024
6024
6015
6023
6023
6023
6021
6027
6021
6030
6018
6016
6016
6024
6020
6028
6028
6021
6022
6022
6022
6034
6026
6024
6024
6024
6025
6031
6023
6022
6024
6032
6032
6022
6024
6024
6025
6032
6027
6027
6028
6021
6029
6029
6021
6028
6033
6030
6026
6026
6026
6036
6031
6029
6030
6030
6031
6031
6031
6031
6029
6032
6029
6029
6035
6035
6036
6036
6033
6029
6038
6038
6022
6037
6027
6034
6043
6030
6030
6032
6026
6035
6036
6031
6037
6029
6029
6038
6046
6037
6035
6040
6036
6026
6035
6034
6038
6036
6040
6039
6032
6032
6040
6027
6027
6026
6037
6036
6036
6040
6028
6036
6036
6042
6035
6037
6037
6030
6045
6055
6055
6030
6036
6053
6042
6034
6041
6036
6046
6043
6042
6047
6041
6042
6049
6035
6038
6038
6047
6038
6038
6043
6043
6039
6034
6046
6039
6044
6054
6041
6045
6044
6044
6038
6042
6034
6041
6048
6047
6050
6043
6051
6050
6047
6045
6045
6036
6047
6052
6046
6045
6045
6055
6055
6052
6052
6058
6040
6040
6038
6035
6052
6048
6046
6046
6052
6050
6046
6057
6057
6048
6053
6044
6050
6050
6050
6058
6059
6053
6050
6050
6051
6048
6046
6046
6047
6044
6038
6038
6052
6057
6050
6050
6053
6047
6045
6048
6054
6060
6047
6045
6045
6043
6042
6040
6056
6042
6047
6043
6047
6048
6042
6042
6041
6037
6041
6047
6047
6042
6042
6048
6051
6037
6039
6043
6035
6035
6040
6040
6042
6042
6039
6039
6034
6034
6054
6039
6037
6040
6029
6038
6037
6040
6040
6036
6036
6027
6031
6033
6034
6042
6036
6029
6032
6030
6033
6029
6029
6019
6026
6027
6033
6033
6025
6029
6031
6031
6028
6030
6031
6031
6032
6026
6026
6023
6029
6029
6027
6027
6020
6035
6026
6024
6024
6031
6034
6019
6034
6021
6024
6029
6021
6033
6023
6023
6031
6020
6034
6023
6030
6030
6030
6030
6018
6023
6021
6030
6027
6030
6022
6025
6027
6024
6028
6015
6024
6018
6018
6009
6017
6028
6026
6022
6025
6019
6014
6018
6017
6021
6025
6006
6015
6013
6013
6017
6021
6020
6013
6020
6017
6025
6020
6020
6014
6014
6018
6014
6016
6016
6016
6004
6016
6016
6024
6010
6013
6023
6023
6013
6014
6018
6018
6019
6019
6010
6005
6020
6020
6012
6019
6009
6009
6020
6009
6009
6011
6012
6021
6022
6015
6017
6008
6020
6013
6015
6020
6018
6020
6016
6010
